[529,1815,400],[1874,1118,200],[1676,1724,15],[1651,1677,10],[1499,1816,10],[1179,1523,20],[1178,1626,10],[859,1700,10],[989,1604,14],[919,1579,20],[715,1747,10],[419,1532,15],[332,1755,16],[121,1411,50,28]

zone 1,2,3
zona rosie din dreapta zonele mici
[1980,1152,1],[1980,1137,1],[1980,1122,1],[1954,1122,1],[1954,1137,1],[1954,1152,1],[1954,1167,1],[1954,1182,1],[1928,1182,1],[1928,1167,1],[1928,1152,1],[1928,1137,1],[1928,1122,1],[1902,1137,1],[1902,1152,1],[1902,1167,1],[1902,1182,1],[1902,1197,1],[1902,1212,1],[1876,1212,1],[1876,1197,1],[1876,1182,1],[1876,1167,1],[1876,1152,1],[1876,1137,1],[1850,1137,1],[1850,1152,1],[1850,1167,1],



[1761,1167,1],[1787,1167,1],[1787,1152,1],[1787,1137,1],

[1794,1121,1],[1820,1121,1],[1820,1100,1],[1820,1085,1],[1820,1070,1],[1820,1055,1],[1844,1041,1],[1844,1026,1],[1870,1026,1],[1870,1041,1],[1896,1041,1],[1896,1026,1],[1922,1026,1],[1922,1041,1],[1948,1041,1],[1948,1026,1],[1974,1026,1],[1974,1041,1],[2000,1041,1],[2000,1026,1],
---------------------------------------------------------------------


shrine c10

[1652,1115,1],[1652,1130,1],[1652,1145,1],[1652,1160,1],[1652,1175,1],[1678,1175,1],[1678,1160,1],[1678,1145,1],[1678,1130,1],
-----------------------------------------------------------------------


fasie subtire

[1517,1091,1],[1491,1091,1],[1491,1106,1],[1491,1121,1],[1491,1136,1],[1491,1151,1],[1491,1166,1],[1491,1181,1],[1491,1196,1],[1491,1211,1],[1491,1226,1],
----------------------------------------------------------------------

[1475,1013,1],[1475,1028,1],[1501,1028,1],[1527,1028,1],[1553,1028,1],
----------------------------------------------------------------------
[1540,1038,1],[1540,1053,1],[1515,1060,1],





[1785,1276,1],[1811,1276,1],
[1881,1388,1],[1907,1388,1],[1907,1403,1],[1907,1418,1],[1907,1433,1],[1933,1433,1],[1933,1418,1],[1933,1403,1],[1933,1388,1],
[1529,1339,1],[1555,1339,1],
[1554,1361,1],[1580,1361,1],[1580,1376,1],[1580,1391,1],[1580,1406,1],
[1825,1468,1],[1851,1468,1],
[1521,1522,1],[1547,1522,1],
[1539,1798,1],[1539,1787,1],[1540,1812,1],
[1652,1856,1],[1652,1871,1],
[1789,1764,1],[1789,1779,1],
[2043,2028,1],[2043,2044,1],
[1995,1996,1],[1995,2011,1],
[1683,1707,1],[1683,1722,1],[1683,1737,1],
[1709,1737,1],[1709,1722,1],[1709,1707,1],








zone 3,4,5
[1688,1149,1],[1714,1149,1],
[1784,1300,1],[1810,1300,1],
[1793,1340,1],[1819,1340,1],
[1785,1556,1],[1811,1556,1],
[1465,1428,1],[1491,1428,1],
[1513,1540,1],[1539,1540,1],
[1516,1808,1],[1516,1823,1],
[1740,1715,1],[1740,1730,1],


bot
[1785,1276,1],[1811,1276,1],[1881,1388,1],[1907,1388,1],[1907,1403,1],[1907,1418,1],[1907,1433,1],[1933,1433,1],[1933,1418,1],[1933,1403,1],[1933,1388,1],[1529,1339,1],[1555,1339,1],[1554,1361,1],[1580,1361,1],[1580,1376,1],[1580,1391,1],[1580,1406,1],[1825,1468,1],[1851,1468,1],[1521,1522,1],[1547,1522,1],[1539,1798,1],[1539,1787,1],[1540,1812,1],[1652,1856,1],[1652,1871,1],[1789,1764,1],[1789,1779,1],[2043,2028,1],[2043,2044,1],[1995,1996,1],[1995,2011,1],[1683,1707,1],[1683,1722,1],[1683,1737,1],[1709,1737,1],[1709,1722,1],[1709,1707,1],[1980,1152,1],[1980,1137,1],[1980,1122,1],[1954,1122,1],[1954,1137,1],[1954,1152,1],[1954,1167,1],[1954,1182,1],[1928,1182,1],[1928,1167,1],[1928,1152,1],[1928,1137,1],[1928,1122,1],[1902,1137,1],[1902,1152,1],[1902,1167,1],[1902,1182,1],[1902,1197,1],[1902,1212,1],[1876,1212,1],[1876,1197,1],[1876,1182,1],[1876,1167,1],[1876,1152,1],[1876,1137,1],[1850,1137,1],[1850,1152,1],[1850,1167,1],[1761,1167,1],[1787,1167,1],[1787,1152,1],[1787,1137,1],[1794,1121,1],[1820,1121,1],[1820,1100,1],[1820,1085,1],[1820,1070,1],[1820,1055,1],[1844,1041,1],[1844,1026,1],[1870,1026,1],[1870,1041,1],[1896,1041,1],[1896,1026,1],[1922,1026,1],[1922,1041,1],[1948,1041,1],[1948,1026,1],[1974,1026,1],[1974,1041,1],[2000,1041,1],[2000,1026,1],[1652,1115,1],[1652,1130,1],[1652,1145,1],[1652,1160,1],[1652,1175,1],[1678,1175,1],[1678,1160,1],[1678,1145,1],[1678,1130,1],[1517,1091,1],[1491,1091,1],[1491,1106,1],[1491,1121,1],[1491,1136,1],[1491,1151,1],[1491,1166,1],[1491,1181,1],[1491,1196,1],[1491,1211,1],[1491,1226,1],[1475,1013,1],[1475,1028,1],[1501,1028,1],[1527,1028,1],[1553,1028,1],[1540,1038,1],[1540,1053,1],[1515,1060,1]







bot2